5096248
5676928
4641920
3947008
5102656
4573336
4464488
4484872
4683480
4988840
4281560
4504688
4639304
4634256
5035424
4632432
5038528
4062832
4059480
4316408
4820288
5022408
4223936
4737800
4899176
6103368
4064304
4072400
4274712
5036480
3973248
4588704
4903720
5138784
4796136
4312480
3799792
4366080
4953392
4786120
4083848
4974336
5049336
4114808
4457008
3922800
6456032
4023224
4117184
3899480
4056944
5102320
5208480
4044976
4102712
5187648
5100824
5179968
4846064
4089200
5111048
4869536
3963336
4815936
4603120
4535888
4645968
5461120
4816424
4503664
4019040
3843272
3651200
3960552
5310752
5120344
7844656
5215352
4343992
4872776
4895064
4901016
4499120
4724600
4662584
5031704
4812592
4258264
4795672
4887488
6303984
6925360
4594632
5069152
5248560
4562456
5080792
5165976
4677896
3992384
