4271096
4159560
4178416
4167592
4383624
4421384
4080176
3965952
4055056
4095480
3962856
4260768
4154488
4068968
3994264
4177560
3955576
4061552
3955408
3969904
4192080
4176440
4174384
4049264
4171488
3946768
4079400
4071680
4057264
4079792
4149024
4070800
4020808
4021192
4108064
4122248
3992512
4013400
4405184
4183200
3962856
3936856
4017912
4112504
4109384
4362832
4202144
4223712
4145920
4134544
4035000
4038600
4138496
4137744
4310392
4129320
4123408
4005144
4110704
4015384
3965720
4044336
4104536
3965744
4121480
4090408
4040024
4141992
4092392
4175944
4022064
4073528
4144384
4038176
4060048
4210464
4180736
4120640
4177032
4200160
4037384
4156464
4221272
4019776
4150592
3985768
4075096
4065136
3942680
4191712
4177320
4147360
4059656
4144480
4157608
4082232
4228944
4231248
4120032
4157880
4013640
4273256
4049728
3965568
4209584
4286528
4133040
4100744
6596432
4060344
4077600
4153648
4237768
4076256
4119768
4193448
4109848
4110936
4133776
4029760
3953656
4013456
4088864
5919920
4155896
4041296
4053040
4195768
4251584
4285048
4240976
4294336
4058656
4153368
4266248
4130536
4113736
4108240
4042384
4348816
4202424
4276240
4100720
4221064
4138952
4210088
4187600
4201624
4065328
4339768
4029016
4155288
4119544
4282800
4098928
4022768
4128648
4392352
4128920
4084584
3993864
4067712
4235384
4210864
4105480
4267432
4055360
4326712
4095896
3981944
4259544
4114432
4115688
4018760
4097256
4009792
3954672
3999944
3998456
4128800
4057704
4055168
4097456
4234512
4197552
4057824
4297008
4203288
3990440
4152752
4305768
4209280
4199296
4056840
4292192
4201496
4351544
